      0.000000 1.104854e-02
      1.000000 1.104854e-02
      2.000000 1.104854e-02
      3.000000 1.104854e-02
      4.000000 1.104854e-02
      5.000000 1.104854e-02
      6.000000 1.104854e-02
      7.000000 1.104854e-02
      8.000000 1.104854e-02
      9.000000 1.104854e-02
     10.000000 1.104854e-02
     11.000000 1.104854e-02
     12.000000 1.104854e-02
     13.000000 1.104854e-02
     14.000000 1.104854e-02
     15.000000 1.104854e-02
     16.000000 1.104854e-02
     17.000000 4.543858e-22
     18.000000 4.543858e-22
     19.000000 3.096227e-22
     20.000000 3.096227e-22
     21.000000 2.093006e-22
     22.000000 2.093006e-22
     23.000000 1.651956e-22
     24.000000 1.651956e-22
     25.000000 1.157502e-22
     26.000000 1.157502e-22
     27.000000 7.552084e-23
     28.000000 7.552084e-23
     29.000000 6.050563e-23
     30.000000 6.050563e-23
     31.000000 4.431804e-23
     32.000000 4.431804e-23
     33.000000 4.468720e-23
     34.000000 4.468720e-23
     35.000000 3.944532e-23
     36.000000 3.944532e-23
     37.000000 3.081619e-23
     38.000000 3.081619e-23
     39.000000 2.951219e-23
     40.000000 2.951219e-23
     41.000000 3.009684e-23
     42.000000 3.009684e-23
     43.000000 2.525700e-23
     44.000000 2.525700e-23
     45.000000 2.944971e-23
     46.000000 2.944971e-23
     47.000000 9.348292e-23
     48.000000 9.348292e-23
     49.000000 6.304262e-23
     50.000000 6.304262e-23
     51.000000 3.016618e-23
     52.000000 3.016618e-23
     53.000000 2.125680e-23
     54.000000 2.125680e-23
     55.000000 1.636953e-23
     56.000000 1.636953e-23
     57.000000 1.472984e-23
     58.000000 1.472984e-23
     59.000000 1.743505e-23
     60.000000 1.743505e-23
     61.000000 3.272109e-23
     62.000000 3.272109e-23
     63.000000 1.658819e-23
     64.000000 1.658819e-23
     65.000000 1.415904e-23
     66.000000 1.415904e-23
     67.000000 1.279106e-23
     68.000000 1.279106e-23
     69.000000 1.435477e-23
     70.000000 1.435477e-23
     71.000000 1.335641e-23
     72.000000 1.335641e-23
     73.000000 1.328825e-23
     74.000000 1.328825e-23
     75.000000 1.304241e-23
     76.000000 1.304241e-23
     77.000000 1.284836e-23
     78.000000 1.284836e-23
     79.000000 1.261742e-23
     80.000000 1.261742e-23
     81.000000 1.559789e-23
     82.000000 1.559789e-23
     83.000000 1.732993e-23
     84.000000 1.732993e-23
     85.000000 1.310257e-23
     86.000000 1.310257e-23
     87.000000 1.247661e-23
     88.000000 1.247661e-23
     89.000000 1.185027e-23
     90.000000 1.185027e-23
     91.000000 1.450675e-23
     92.000000 1.450675e-23
     93.000000 1.399747e-23
     94.000000 1.399747e-23
     95.000000 1.387027e-23
     96.000000 1.387027e-23
     97.000000 1.423695e-23
     98.000000 1.423695e-23
     99.000000 1.383768e-23
    100.000000 1.383768e-23
    101.000000 1.379221e-23
    102.000000 1.379221e-23
    103.000000 1.401262e-23
    104.000000 1.401262e-23
    105.000000 1.184987e-23
    106.000000 1.184987e-23
    107.000000 1.097959e-23
    108.000000 1.097959e-23
    109.000000 1.220854e-23
    110.000000 1.220854e-23
    111.000000 1.257390e-23
    112.000000 1.257390e-23
    113.000000 1.287738e-23
    114.000000 1.287738e-23
    115.000000 1.252585e-23
    116.000000 1.252585e-23
    117.000000 1.297389e-23
    118.000000 1.297389e-23
    119.000000 1.276911e-23
    120.000000 1.276911e-23
    121.000000 1.269970e-23
    122.000000 1.269970e-23
    123.000000 1.182568e-23
    124.000000 1.182568e-23
    125.000000 1.179725e-23
    126.000000 1.179725e-23
    127.000000 1.226708e-23
    128.000000 1.226708e-23
    129.000000 1.313107e-23
    130.000000 1.313107e-23
    131.000000 1.369058e-23
    132.000000 1.369058e-23
    133.000000 1.287983e-23
    134.000000 1.287983e-23
    135.000000 1.324442e-23
    136.000000 1.324442e-23
    137.000000 1.299661e-23
    138.000000 1.299661e-23
    139.000000 1.438438e-23
    140.000000 1.438438e-23
    141.000000 1.291623e-23
    142.000000 1.291623e-23
    143.000000 1.331812e-23
    144.000000 1.331812e-23
    145.000000 1.377344e-23
    146.000000 1.377344e-23
    147.000000 4.701435e-23
    148.000000 4.701435e-23
    149.000000 5.448119e-21
    150.000000 5.448119e-21
    151.000000 5.179507e-23
    152.000000 5.179507e-23
    153.000000 1.346520e-23
    154.000000 1.346520e-23
    155.000000 1.459099e-23
    156.000000 1.459099e-23
    157.000000 1.377012e-23
    158.000000 1.377012e-23
    159.000000 1.210787e-23
    160.000000 1.210787e-23
    161.000000 1.417816e-23
    162.000000 1.417816e-23
    163.000000 1.643351e-23
    164.000000 1.643351e-23
    165.000000 1.387198e-23
    166.000000 1.387198e-23
    167.000000 1.465088e-23
    168.000000 1.465088e-23
    169.000000 1.485942e-23
    170.000000 1.485942e-23
    171.000000 1.460005e-23
    172.000000 1.460005e-23
    173.000000 1.435843e-23
    174.000000 1.435843e-23
    175.000000 1.277826e-23
    176.000000 1.277826e-23
    177.000000 1.222378e-23
    178.000000 1.222378e-23
    179.000000 1.435334e-23
    180.000000 1.435334e-23
    181.000000 1.321995e-23
    182.000000 1.321995e-23
    183.000000 1.179645e-23
    184.000000 1.179645e-23
    185.000000 1.281947e-23
    186.000000 1.281947e-23
    187.000000 1.322900e-23
    188.000000 1.322900e-23
    189.000000 1.370818e-23
    190.000000 1.370818e-23
    191.000000 1.290980e-23
    192.000000 1.290980e-23
    193.000000 1.502270e-23
    194.000000 1.502270e-23
    195.000000 1.367534e-23
    196.000000 1.367534e-23
    197.000000 6.133865e-23
    198.000000 6.133865e-23
    199.000000 6.190367e-23
    200.000000 6.190367e-23
    201.000000 1.328553e-23
    202.000000 1.328553e-23
    203.000000 1.316705e-23
    204.000000 1.316705e-23
    205.000000 1.511052e-23
    206.000000 1.511052e-23
    207.000000 1.342220e-23
    208.000000 1.342220e-23
    209.000000 1.270479e-23
    210.000000 1.270479e-23
    211.000000 1.278411e-23
    212.000000 1.278411e-23
    213.000000 1.414219e-23
    214.000000 1.414219e-23
    215.000000 1.425423e-23
    216.000000 1.425423e-23
    217.000000 1.426668e-23
    218.000000 1.426668e-23
    219.000000 1.520305e-23
    220.000000 1.520305e-23
    221.000000 1.433166e-23
    222.000000 1.433166e-23
    223.000000 1.423533e-23
    224.000000 1.423533e-23
    225.000000 1.548681e-23
    226.000000 1.548681e-23
    227.000000 1.352673e-23
    228.000000 1.352673e-23
    229.000000 1.518967e-23
    230.000000 1.518967e-23
    231.000000 1.425058e-23
    232.000000 1.425058e-23
    233.000000 1.363778e-23
    234.000000 1.363778e-23
    235.000000 1.332457e-23
    236.000000 1.332457e-23
    237.000000 1.406140e-23
    238.000000 1.406140e-23
    239.000000 1.367422e-23
    240.000000 1.367422e-23
    241.000000 1.434269e-23
    242.000000 1.434269e-23
    243.000000 1.473943e-23
    244.000000 1.473943e-23
    245.000000 1.488928e-23
    246.000000 1.488928e-23
    247.000000 1.490367e-23
    248.000000 1.490367e-23
    249.000000 3.246930e-23
    250.000000 3.246930e-23
    251.000000 1.503888e-23
    252.000000 1.503888e-23
    253.000000 1.714148e-23
    254.000000 1.714148e-23
    255.000000 1.705483e-23
    256.000000 1.705483e-23
    257.000000 1.596620e-23
    258.000000 1.596620e-23
    259.000000 1.556096e-23
    260.000000 1.556096e-23
    261.000000 1.524318e-23
    262.000000 1.524318e-23
    263.000000 1.449931e-23
    264.000000 1.449931e-23
    265.000000 1.609823e-23
    266.000000 1.609823e-23
    267.000000 1.450366e-23
    268.000000 1.450366e-23
    269.000000 1.379591e-23
    270.000000 1.379591e-23
    271.000000 1.536963e-23
    272.000000 1.536963e-23
    273.000000 1.396452e-23
    274.000000 1.396452e-23
    275.000000 2.599019e-23
    276.000000 2.599019e-23
    277.000000 2.464180e-23
    278.000000 2.464180e-23
    279.000000 2.790383e-23
    280.000000 2.790383e-23
    281.000000 1.543692e-23
    282.000000 1.543692e-23
    283.000000 1.750863e-23
    284.000000 1.750863e-23
    285.000000 1.513570e-23
    286.000000 1.513570e-23
    287.000000 1.567156e-23
    288.000000 1.567156e-23
    289.000000 2.004189e-23
    290.000000 2.004189e-23
    291.000000 1.814326e-23
    292.000000 1.814326e-23
    293.000000 1.730331e-23
    294.000000 1.730331e-23
    295.000000 2.554368e-23
    296.000000 2.554368e-23
    297.000000 2.023613e-23
    298.000000 2.023613e-23
    299.000000 1.881790e-22
    300.000000 1.881790e-22
    301.000000 2.481163e-23
    302.000000 2.481163e-23
    303.000000 1.956506e-23
    304.000000 1.956506e-23
    305.000000 1.851238e-23
    306.000000 1.851238e-23
    307.000000 1.790618e-23
    308.000000 1.790618e-23
    309.000000 1.772465e-23
    310.000000 1.772465e-23
    311.000000 1.558591e-23
    312.000000 1.558591e-23
    313.000000 1.820053e-23
    314.000000 1.820053e-23
    315.000000 1.743270e-23
    316.000000 1.743270e-23
    317.000000 1.628237e-23
    318.000000 1.628237e-23
    319.000000 1.738839e-23
    320.000000 1.738839e-23
    321.000000 1.717186e-23
    322.000000 1.717186e-23
    323.000000 1.814901e-23
    324.000000 1.814901e-23
    325.000000 1.914743e-23
    326.000000 1.914743e-23
    327.000000 1.775697e-23
    328.000000 1.775697e-23
    329.000000 1.724142e-23
    330.000000 1.724142e-23
    331.000000 1.880678e-23
    332.000000 1.880678e-23
    333.000000 1.976230e-23
    334.000000 1.976230e-23
    335.000000 1.786172e-23
    336.000000 1.786172e-23
    337.000000 2.051475e-23
    338.000000 2.051475e-23
    339.000000 2.272343e-23
    340.000000 2.272343e-23
    341.000000 2.228665e-23
    342.000000 2.228665e-23
    343.000000 2.036219e-23
    344.000000 2.036219e-23
    345.000000 1.803878e-23
    346.000000 1.803878e-23
    347.000000 2.288870e-23
    348.000000 2.288870e-23
    349.000000 7.404057e-23
    350.000000 7.404057e-23
    351.000000 2.173634e-23
    352.000000 2.173634e-23
    353.000000 1.826704e-23
    354.000000 1.826704e-23
    355.000000 3.013453e-23
    356.000000 3.013453e-23
    357.000000 2.253206e-23
    358.000000 2.253206e-23
    359.000000 1.789850e-23
    360.000000 1.789850e-23
    361.000000 2.068524e-23
    362.000000 2.068524e-23
    363.000000 1.864993e-23
    364.000000 1.864993e-23
    365.000000 1.909732e-23
    366.000000 1.909732e-23
    367.000000 1.916129e-23
    368.000000 1.916129e-23
    369.000000 1.956734e-23
    370.000000 1.956734e-23
    371.000000 1.851108e-23
    372.000000 1.851108e-23
    373.000000 1.802313e-23
    374.000000 1.802313e-23
    375.000000 1.844982e-23
    376.000000 1.844982e-23
    377.000000 1.973742e-23
    378.000000 1.973742e-23
    379.000000 1.694177e-23
    380.000000 1.694177e-23
    381.000000 1.846807e-23
    382.000000 1.846807e-23
    383.000000 1.960094e-23
    384.000000 1.960094e-23
    385.000000 1.765227e-23
    386.000000 1.765227e-23
    387.000000 1.899520e-23
    388.000000 1.899520e-23
    389.000000 1.929286e-23
    390.000000 1.929286e-23
    391.000000 2.149897e-23
    392.000000 2.149897e-23
    393.000000 2.200928e-23
    394.000000 2.200928e-23
    395.000000 2.374311e-23
    396.000000 2.374311e-23
    397.000000 3.441568e-23
    398.000000 3.441568e-23
    399.000000 1.995807e-23
    400.000000 1.995807e-23
    401.000000 2.279017e-23
    402.000000 2.279017e-23
    403.000000 1.907320e-23
    404.000000 1.907320e-23
    405.000000 2.137431e-23
    406.000000 2.137431e-23
    407.000000 2.018287e-23
    408.000000 2.018287e-23
    409.000000 2.027433e-23
    410.000000 2.027433e-23
    411.000000 2.115783e-23
    412.000000 2.115783e-23
    413.000000 3.213353e-23
    414.000000 3.213353e-23
    415.000000 2.910756e-23
    416.000000 2.910756e-23
    417.000000 2.391884e-23
    418.000000 2.391884e-23
    419.000000 2.790412e-23
    420.000000 2.790412e-23
    421.000000 3.159126e-23
    422.000000 3.159126e-23
    423.000000 2.189027e-23
    424.000000 2.189027e-23
    425.000000 2.229482e-23
    426.000000 2.229482e-23
    427.000000 1.953816e-23
    428.000000 1.953816e-23
    429.000000 2.024965e-23
    430.000000 2.024965e-23
    431.000000 2.110478e-23
    432.000000 2.110478e-23
    433.000000 2.405980e-23
    434.000000 2.405980e-23
    435.000000 2.198770e-23
    436.000000 2.198770e-23
    437.000000 2.030363e-23
    438.000000 2.030363e-23
    439.000000 2.319104e-23
    440.000000 2.319104e-23
    441.000000 1.924382e-23
    442.000000 1.924382e-23
    443.000000 1.475929e-21
    444.000000 1.475929e-21
    445.000000 2.494632e-21
    446.000000 2.494632e-21
    447.000000 4.609962e-21
    448.000000 4.609962e-21
    449.000000 2.026905e-21
    450.000000 2.026905e-21
    451.000000 1.336118e-21
    452.000000 1.336118e-21
    453.000000 1.070040e-21
    454.000000 1.070040e-21
    455.000000 2.128517e-23
    456.000000 2.128517e-23
    457.000000 2.114600e-23
    458.000000 2.114600e-23
    459.000000 2.482952e-23
    460.000000 2.482952e-23
    461.000000 2.347315e-23
    462.000000 2.347315e-23
    463.000000 2.295793e-23
    464.000000 2.295793e-23
    465.000000 2.234477e-23
    466.000000 2.234477e-23
    467.000000 2.221357e-23
    468.000000 2.221357e-23
    469.000000 2.223568e-23
    470.000000 2.223568e-23
    471.000000 2.181055e-23
    472.000000 2.181055e-23
    473.000000 2.227165e-23
    474.000000 2.227165e-23
    475.000000 2.235970e-23
    476.000000 2.235970e-23
    477.000000 2.430676e-23
    478.000000 2.430676e-23
    479.000000 2.587373e-23
    480.000000 2.587373e-23
    481.000000 2.517984e-23
    482.000000 2.517984e-23
    483.000000 2.299120e-23
    484.000000 2.299120e-23
    485.000000 2.430756e-23
    486.000000 2.430756e-23
    487.000000 2.346750e-23
    488.000000 2.346750e-23
    489.000000 2.497499e-23
    490.000000 2.497499e-23
    491.000000 2.373434e-23
    492.000000 2.373434e-23
    493.000000 2.319493e-23
    494.000000 2.319493e-23
    495.000000 2.652940e-23
    496.000000 2.652940e-23
    497.000000 3.104556e-23
    498.000000 3.104556e-23
    499.000000 7.685690e-23
    500.000000 7.685690e-23
    501.000000 2.664940e-23
    502.000000 2.664940e-23
    503.000000 2.207773e-23
    504.000000 2.207773e-23
    505.000000 2.358616e-23
    506.000000 2.358616e-23
    507.000000 2.439913e-23
    508.000000 2.439913e-23
    509.000000 2.483185e-23
    510.000000 2.483185e-23
    511.000000 1.104854e-02
